a<-2
b<-5
x<-c(2,3,4,5,6,7,8,9)
x[3:6]
x[-3:-6]
x<-c(3,6,8)
y<-c(1,2,3)
s<-c(4,5,6)
D<-data.frame(x,y,s)
